$ANSIBLE_VAULT;1.2;AES256;ZOSCB
35373934346131663531373664383966623364646166666438623035333062343338623466613963
6166616536383539326430613939356337373735626533350a306166343138616165623433616237
31663032336631336135323738646336663866386231393666316436326235613233393132626637
3639383237363163300a306238356661636433363130646162663931353634376530633631636335
62323561326363633534663662366336613431306165643862343038646635653631313437343735
38353835646665653662616663386262313538343764343666653131363539333438326364383563
36333330666330343633316133636330636663363731363164633535306463366461633732353664
62383139316139303536643235336161373964383236303565316536633766353834343736636133
66343734633736333263623530373337353934373761323139323465383965623761333032616339
39316434383335383036323731306166663364363865653134303866653761353637303533363736
37626362363635373538376465376364346161346533396531393833623666653833363038396537
32336131636433386164386234663238333765373634363435626263383833663736363566356233
38366366616239366235333533306664353337643963363934316339343765303530656136633736
64653238373539616137646264306564316665613261613335376130346463633365646665633763
61653431353733393031313366646135386338336538306234646535323564333132313661383666
32643938313462626634343730613265383731316435383730663737346533643866656330386435
37303765323536366638623233653264326432353136623334336331303135333131653264353133
32613837663334396136393830313461363235356262353263396632633061653336393863373032
64653235326439366631336566386139383331333766656462663365323831366236323634643164
39636137363064656233656661643431303032393734396261616466356235353435323734316664
34343733326363623065366162363834633939333232663733653263653239666661613536633562
37363430656265383965333761363135333334333866383465666635656366383437666266396661
66323838623565643361303638303738643637376530386331616537336365356331343065616338
35336230353061613932663836366632323563303836656236323639666534663662386330396163
66333737326564313937313236653732386236633530363836303030303461353263376534396239
31366436373331396331333131626433646635633937376631373765336232383234663337383762
34633761613734633461616437663762663838363064623734356333393335373635313038653230
37313634663831656162393366343431333166346563626531616333303664346466623166306338
62636663366137653836323332646232646464303466373232336530393039643036646566376462
34666333666236633435636430383837313631376562643031303036666137376264656434323464
30626332633930663863343032343735613432656130346637613666663061366439323362623064
62396333643461303533376634393932336331626539306439613635346337396235396230653630
35303932313863646634313166363265663763383230343335666561343536633631396464323634
30623865633132643937616334623266323564333736356466323463616462353636376261633766
62646533323139383730393566306661383633653234303436386134346132303631313537643638
34303536613935356336393436366132623533383339653839663739646132333463383539623564
38613665306432666165626562373339373835386539353465646263633732313134393762383836
64643764316535646362363238353137613666636135383637633462613135396632653231323830
32346362656132386431333135396531306536656135633438363835306261373533316133383632
35663234666530396161343766356130326666663536646332663865313836316532663066336630
37356634376631353330366465653137363133363932393130393434323734336662373161633364
35646334323333383237323461393263366262333939383864386433613439336532323166356464
39313963376633393865346662626436383633386339313061363834356431333139316661303835
30346234636234383866353037356332343930393462653330313763613666663038363938613133
38623561666334326330666231376535613733613339383932303530303866643036373366386666
63313664363865616362333637383835336236326438623466626161333937333836643765333236
66326237626337633334303236376637643665663237633162666432393734393636646534316162
36663335303063643433316464373464643730373137316234313634383966626531313035303832
63323036356538643461343763383762623164366265376166383936393333613438343730316436
34356431633432623466373066663132306662376439303633613364303037323538656162616134
32356134323735653937376262633464346562613038336165643162633337376233376335613766
33346339653237643461623636313565363539373837653565376637656162333631313733353162
33336337626632356134633663356637386630613366313163346664376639323035616636303334
33643863636462613833346439363736623238343635393365386439653335646231303165333937
61396639343034653664336233386634323763646238356330323433323330376431346637313632
38323962666236376634326430656131373038303464303030303235663639613639336137333866
34353430626635653630313762346236626439336663333437646662353265396565313566353236
63393964623938613134306337623966383030333733386662623837626231623864396432373461
36306361386464353364316333656133376435346334666139373261363064313735633835323330
39363161313637613766646639386365356565353639383635353831623931343236653037323761
32346530363736366336323163343235386338316265363431383561646338356135653034313134
30643138616365323431303031306633643537623937326164383137356165366435373466323034
30666133366435376130343235363536323861333134333362616364316332623665336430333663
36323264666338326162633633656335343834373763333732653935313562643966643866383436
30636432653337313965663338666238643966303133666534633365626434346232386131303766
35353038383762323232303364363766396161656264376431313433343866653633396566626665
31363064373564623161633733613937323934303361636434346364386464313536613563383665
34363430646534383636376163366137633734343436373636613532336439386632356265616166
39323163663938336566333939343337393437383962306365393135643734376465376534613034
64353062386361623236306135346237363762663962363262663035336531643039386266336462
38316530333438306537643938633633343139353364336666363461636363363466393565666565
31393339373363616631396530396663613137383062393137376232366339383638346364653762
32363863303061383532383062313261663866366434333832636239323931613332613535613963
66363331343461383166616461623038653236356338396533306630306364333437663465646162
64336635396337643031653934326433643038303231303433646665343835306262306364363861
64613938316566616639333931326165346531373737393033653633363931363664313739383066
37393265336430306234663230343962396665313862383932663838666136633131363437376638
32353833643566333032653539343733323764666537613061656139376363626635636236376434
63663837646136363132343531663663306261386534346334646231306338616233306433636562
61613565303366356330376233613032303161343033616666323436313066356662663131336361
36663731646636363436313665633665353666383939383436376663666563613439346364313361
64373733346439313135653438633539316136383961353739663038646336613932333361643565
66613732346365326661623238643331376338656636383231366362636537356163663564316461
32346464326333373837336437633131396438306433346535323932373636313233303064653662
36393163653836663736353831313333356666623931306536356334343539373930383935313734
63656137376561656439633735666630366133313962396632653939383436633233306262636465
66653962396634663336393039333736646535636331356131326337306166373863383761393331
63323463663663393864386638386661303866643334613065666265373466363161613031393038
65343935643934336565616139326332643362373737333763373664653733306434366238363634
34623162353966393236623733666632363761633165323530356663333737323233633236393337
32663431396439376162626233386261356564383331316435656165353465323664653766303164
36316334623232313665383832303766303535656432343261626664393838643862353364333738
35656362346538666261323839316235633932616563343162643735316331646562353963343536
63323364323834336432643462343236353633396431336162306364313166353638323331653164
31393033373134323534373934373064353665623765646639303533633331616566386631636262
34666538323936333236373839313734313566616338313434616631653164616434613864346362
62383238353735613062323138313065353064366562393036633937326338313661393537323634
31613736656132386239666639386662333766616439653632333339336364623865366662363163
37383662313334323334656532366430373134626631363261306633646336383939653931636166
34633862313164636465646161646662623134616664313235303330306439313632656665353463
66636166656438333430623838636639663765613065323666346237663632323533303734623966
35653133666562303536376164326235316565306535656165393138383761353364326130333136
37326362363262663333313138326365303763333431633562346161303532613262303831393564
31636165396438633035363438643731383463636534636366656334363731653630376261613635
30636362356332346430616262636164613532303339373063346561636161343961303832326536
37376462323339666362343863323635636564316139656666386337393365663566303163383631
39373765363930633466366332396638636432373237653361316661663530346534613361336439
35613464303965333263633263383630343763393162623362396231366363323739633430346666
34316437316630306236653665353761663536353166656661376631633530373837663365626664
34613835323764613635396432656436653836313531333331613562653135633933386231336632
61376164373764333534396537373665343565346339636664343636303432353431306266326238
62333765393163643138313436633833666431663465303964626365656362343336316238316539
63666162643534656335346332653739306432343132373333613930396466633234343564636561
33386162633230353038313933623232323030633638326162646338313537373965373866386234
64626166656238333635303835323366663462393566633065663439383136313935653031323035
37666339336230343562373465643235313138356366396431313731303662646432306232643230
35623434306266636565613831363862306431356237396166306538393430636433613339656538
66616131623931366239363163353535373462366336623763636231623733313961396362366362
35616135633765316164386666633133303239303163323761323830313462623263646264373434
34316539646130616361613930373462383563313730643733643833333361623636363139633462
63316330623334623434373164316536656637656334663961633561386230336462353532393361
62343537653839613939663233643163386666383131616463613366653032396236653739623138
38343661376363323632376463323135623737626266383366366238326533313361356164313631
36633439393032313166393664653663386131363761633635316561393030333364333839343665
31633463316163363166613766363934663031383361633138653330306632396434386633373638
62326133383763303631383662333565653634666337336138376639386138386432373136333133
30643036333338376135353366316366633135643361383932393061636335333666623264616239
36393135646336363439363837353566313536333233633832613031366633393533386462393333
61616539346430343733323432323165366236623935323931383131306365303333666464306365
63303965336432623633363736366135393638633635376166363133636638666466613639356134
66656562343562616361383136316333333138643638353763326630303836653235313332646333
63343031316539633962323731373132373039353330663936643437333234656434653038393333
30653234383234616432353966633238366637323630383931646431653064356264323561653631
31386661663833353037343364396665633334393036303064363664353463663965323430313231
31626131663239356165643735663234303131313231623838376638626439323037393737323033
64613238623537316130333732383336373663313965666465383235376235323362613666623338
38633633323739373238633835323262613333613435613938326538393066353863396666616462
65393130663931663361613835376431656138376363633562303339306135613663653539306266
62653837633234666238643531613434316434373731316130323035343136373938313839653862
64363766613333626436663063613834303537643563393538623034333761623764303131313832
39323936313263626331333237376435613639663163363930636561316137373234336163336362
62623139366361656133373365323432643965383231626236663263303939393232643331393462
64363231656364346234633233383165303963326363663866303231393831316239363164306661
35373339666164623330613434356438646561376134616136336134383766396538626331303034
37313161623164356539333837356430333834656433363165633532633130363733356230613561
36636266633266303963646430333633353364646566353765663061333062363161363361343939
35616164303934636361653262663062333865373531343762346264303361633066363062636530
35313534333234343761636534663065303561323061303030623833323137386662343130633061
63393261376566613465323430313538633135376362346230643362343264346137663761633065
65376430323836326461653237636633613030373536333363323234393434646430653031653935
65333566336339623066616262623133623133656464396665666562383162636565653835643836
38626566303964613933383539316332363730353634656637396463343962303961363537633131
64336563376332623535306138393730353239326365393436666630636632313036623336396564
37643436323132383762373532613365333062353635663132383265373932373566663835333138
64353734653262373436316466663537396665633063306166363130646234363464326135633865
38326238623366633434323431653638663065653836663136313762666633323965393465653762
63643438613237396233323439643765626637353536363866636537386632613334303532383563
30633430643933343130376535663238356535366366356231346361363033356434366666366233
61663464653132613138623364356437316163323733373663656339346232383438653831336338
30323964303333373664643237396464323861393161393438303837653262346236333039313831
34623232353966316163663534646330643537316132633037616337643761356537326331343936
39663938316534333365623933616339613431633837633365666636663231646465663966356661
62336133663032356666343836356430313364356163653261616666373639653962393739306433
37646666626162663431383338663963343933326334386131396538393866613163643031386564
33346135633830623330623165373031353338646363353031613639326461643433306230356531
32303836303039633034343731366539393362363630643538633064636563363565393435346231
36653332653437356161343166653164623736393932383536303937316336363762633731666539
35363464376535656365303261633539653961313632633865353639633732636233623337346230
64626338646435373634393165636334393364643637373831636365663539633064353338646237
38333437353862613933356133633061346232303865316661343135396363653333633138333530
32323363376333336361376333373037323734653864343830393466303535373065646133616139
37323361356432343036